MNCAATourneyDetailedResults     1,382 32 2003 2024
MRegularSeasonDetailedResults 117,748 32 2003 2025
WNCAATourneyDetailedResults       894 32 2010 2024
WRegularSeasonDetailedResults  80,626 32 2010 2025
--------------------------------------------------
detailed_results              200,650 32 2003 2025

['Season', 'TeamID', 'Score', 'FGM', 'FGA', 'FGM3', 'FGA3', 'FTM', 'FTA', 'OR', 'DR', 'Ast', 'TO', 'Stl', 'Blk', 'PF']
        Season  TeamID  Score  FGM  FGA  FGM3  FGA3  FTM  FTA  OR  DR  Ast  TO  Stl  Blk  PF
0         2003    1421     92   32   69    11    29   17   26  14  30   17  12    5    3  22
1         2003    1112     80   31   66     7    23   11   14  11  36   22  16   10    7   8
2         2003    1113     84   31   59     6    14   16   22  10  27   18   9    7    4  19
3         2003    1141     79   29   53     3     7   18   25  11  20   15  18   13    1  19
4         2003    1143     76   27   64     7    20   15   23  18  20   17  13    8    2  14
...        ...     ...    ...  ...  ...   ...   ...  ...  ...  ..  ..  ...  ..  ...  ...  ..
401295    2025    3416     58   23   63     7    26    5   11  15  21   11  12    4    2  21
401296    2025    3428     64   25   58     5    23    9   16   8  18   16  11    8    6  20
401297    2025    3194     39   10   55     3    17   16   23   4  25    5  10    4    3   9
401298    2025    3150     52   18   58     5    17   11   14   7  24    5  15    8    2  15
401299    2025    3398     52   20   60     3    19    9   15  12  22    8  20   12    2  20

[401300 rows x 16 columns]
